# JASPAR2020_vertebrates motif database
# Retrieved from:
#     * http://jaspar.genereg.net/download/CORE/JASPAR2020_CORE_vertebrates_non-redundant_pfms_transfac.txt
#     * http://jaspar.genereg.net/download/collections/JASPAR2020_UNVALIDATED_vertebrates_pfms_transfac.txt
# Note: this file also contains the unvalidated motifs from JASPAR.
#       These have not been confirmed by orthogonal evidence and have 
#       a motif id that starts with UN.
# Date: 2019-10-18
>MA1632.1_ATF2
0.3388	0.1818	0.2005	0.2789
0.3225	0.1733	0.3186	0.1856
0.8180	0.0530	0.1049	0.0242
0.0087	0.0151	0.0055	0.9707
0.0197	0.0069	0.9314	0.0421
0.9725	0.0067	0.0044	0.0164
0.0177	0.2857	0.3907	0.3059
0.0230	0.0149	0.9577	0.0044
0.0162	0.0053	0.0048	0.9737
0.0736	0.9002	0.0109	0.0153
0.9748	0.0037	0.0129	0.0086
0.0497	0.2383	0.1005	0.6115
0.2310	0.2658	0.1945	0.3087
>MA0605.2_ATF3
0.2098	0.2027	0.4167	0.1708
0.5905	0.0323	0.3772	0.0000
0.0000	0.0000	0.0000	1.0000
0.0000	0.0000	0.9674	0.0326
1.0000	0.0000	0.0000	0.0000
0.0000	0.9865	0.0000	0.0135
0.0215	0.0000	0.9785	0.0000
0.0000	0.0000	0.0000	1.0000
0.0361	0.9639	0.0000	0.0000
1.0000	0.0000	0.0000	0.0000
0.0000	0.3779	0.0263	0.5958
0.1706	0.4148	0.2033	0.2112
>MA0462.2_BATF::JUN
0.2821	0.1248	0.2442	0.3488
0.4925	0.1903	0.1764	0.1409
0.0096	0.0072	0.0048	0.9784
0.0219	0.0105	0.8685	0.0992
0.9771	0.0053	0.0092	0.0084
0.0367	0.8169	0.1098	0.0367
0.0198	0.0063	0.0141	0.9598
0.1037	0.8589	0.0137	0.0238
0.9659	0.0083	0.0111	0.0146
0.1651	0.1600	0.2030	0.4719
0.3514	0.2534	0.1290	0.2662
>MA0464.2_BHLHE40
0.3408	0.2696	0.2607	0.1289
0.1062	0.0367	0.3819	0.4752
0.0052	0.9935	0.0000	0.0012
0.9752	0.0113	0.0068	0.0067
0.0020	0.9949	0.0002	0.0028
0.0058	0.0027	0.9915	0.0000
0.0142	0.0212	0.0074	0.9572
0.0004	0.0011	0.9922	0.0064
0.5001	0.4468	0.0109	0.0422
0.1376	0.5085	0.1234	0.2305
>MA0466.2_CEBPB
0.4656	0.2203	0.2763	0.0378
0.0014	0.0015	0.0004	0.9967
0.0007	0.0006	0.0909	0.9079
0.4371	0.0014	0.4720	0.0895
0.0154	0.8893	0.0086	0.0867
0.1290	0.0203	0.8329	0.0178
0.0922	0.8297	0.0001	0.0779
0.9724	0.0272	0.0004	0.0000
0.9992	0.0004	0.0000	0.0004
0.0065	0.4456	0.0394	0.5085
>MA0018.4_CREB1
0.2690	0.2241	0.1957	0.3111
0.2651	0.1892	0.2653	0.2804
0.3591	0.1638	0.3494	0.1276
0.0240	0.0122	0.0139	0.9498
0.0217	0.0289	0.9121	0.0372
0.9241	0.0220	0.0253	0.0287
0.0275	0.1778	0.0797	0.7150
0.0178	0.0238	0.9353	0.0230
0.1117	0.0155	0.0152	0.8576
0.0444	0.9049	0.0274	0.0233
0.9532	0.0128	0.0154	0.0187
0.1293	0.2713	0.1861	0.4133
0.2827	0.2750	0.1703	0.2719
>MA0139.1_CTCF
0.0953	0.3187	0.0832	0.5027
0.1829	0.1588	0.4534	0.2048
0.3078	0.0537	0.4918	0.1468
0.0613	0.8762	0.0230	0.0394
0.0088	0.9890	0.0000	0.0022
0.8149	0.0142	0.0712	0.0997
0.0438	0.5783	0.3658	0.0120
0.1173	0.4748	0.0526	0.3553
0.9331	0.0121	0.0351	0.0197
0.0055	0.0000	0.9912	0.0033
0.3655	0.0033	0.6213	0.0099
0.0593	0.0132	0.5532	0.3743
0.0132	0.0000	0.9780	0.0088
0.0615	0.0088	0.8516	0.0780
0.1144	0.8064	0.0055	0.0737
0.4092	0.0143	0.5578	0.0187
0.0903	0.5308	0.3381	0.0407
0.1289	0.3546	0.0804	0.4361
0.4427	0.1993	0.2930	0.0650
>MA0024.3_E2F1
0.2483	0.1124	0.0870	0.5523
0.2351	0.0449	0.0976	0.6224
0.2047	0.0354	0.1427	0.6171
0.0533	0.0700	0.8757	0.0010
0.0000	0.0326	0.9674	0.0000
0.0000	0.9967	0.0000	0.0033
0.0000	0.0010	0.9990	0.0000
0.0033	0.9687	0.0280	0.0000
0.0000	0.8574	0.0684	0.0743
0.6283	0.2050	0.0240	0.1427
0.6145	0.0964	0.0699	0.2193
0.5583	0.0668	0.1268	0.2480
>MA0470.2_E2F4
0.2661	0.0636	0.1088	0.5615
0.1892	0.0509	0.0532	0.7067
0.1368	0.0256	0.1629	0.6747
0.0575	0.0297	0.0949	0.8179
0.0196	0.1344	0.8447	0.0012
0.0007	0.0036	0.9957	0.0000
0.0011	0.9980	0.0001	0.0008
0.0006	0.0005	0.9971	0.0018
0.0000	0.9962	0.0038	0.0000
0.0016	0.7491	0.2179	0.0315
0.6022	0.2228	0.0521	0.1229
0.3114	0.1275	0.0334	0.5277
0.3050	0.0597	0.0558	0.5795
0.3063	0.1638	0.1371	0.3928
>MA0162.4_EGR1
0.2316	0.3794	0.2164	0.1726
0.1306	0.4820	0.2357	0.1517
0.4741	0.3367	0.1260	0.0632
0.0210	0.9283	0.0247	0.0260
0.1670	0.0370	0.7267	0.0693
0.0074	0.9588	0.0217	0.0120
0.0471	0.8929	0.0476	0.0125
0.0103	0.9464	0.0228	0.0205
0.7287	0.1771	0.0694	0.0248
0.0050	0.9643	0.0228	0.0078
0.1535	0.0917	0.6714	0.0834
0.0317	0.8235	0.0705	0.0744
0.2910	0.3412	0.2074	0.1604
0.1245	0.4473	0.2566	0.1716
>MA0473.3_ELF1
0.3910	0.1806	0.2416	0.1868
0.3904	0.1640	0.2367	0.2090
0.3651	0.2658	0.2185	0.1505
0.0648	0.7939	0.1009	0.0405
0.8826	0.0845	0.0195	0.0133
0.0067	0.0088	0.9764	0.0081
0.0136	0.0106	0.9623	0.0135
0.9615	0.0167	0.0142	0.0077
0.9471	0.0148	0.0163	0.0218
0.0851	0.0329	0.8737	0.0084
0.0630	0.0417	0.0420	0.8533
0.1191	0.0887	0.7276	0.0647
0.2629	0.2479	0.3542	0.1349
0.2516	0.2655	0.2820	0.2009
>MA0028.2_ELK1
0.6813	0.0409	0.1927	0.0850
0.0250	0.9399	0.0303	0.0048
0.0078	0.9905	0.0013	0.0005
0.0000	0.0005	0.9990	0.0006
0.0001	0.0009	0.9837	0.0153
0.9931	0.0051	0.0013	0.0005
0.9471	0.0069	0.0012	0.0448
0.0586	0.0459	0.8898	0.0057
0.0169	0.1165	0.0207	0.8458
0.2898	0.1457	0.3771	0.1875
>MA0592.3_ESRRA
0.2012	0.1949	0.3465	0.2574
0.1364	0.3381	0.2428	0.2827
0.0887	0.2480	0.0712	0.5922
0.0374	0.8407	0.0894	0.0325
0.9495	0.0137	0.0214	0.0155
0.9519	0.0160	0.0219	0.0103
0.0185	0.0131	0.9493	0.0192
0.0086	0.0056	0.9745	0.0113
0.0386	0.0146	0.0365	0.9103
0.0113	0.9228	0.0302	0.0357
0.9482	0.0087	0.0300	0.0131
0.2129	0.3516	0.1714	0.2641
0.3587	0.2149	0.2267	0.1997
>MA0476.1_FOS
0.2680	0.0242	0.3295	0.3782
0.2543	0.3462	0.3688	0.0307
0.0000	0.0000	0.0000	1.0000
0.0000	0.0000	0.9222	0.0778
1.0000	0.0000	0.0000	0.0000
0.0340	0.4789	0.3812	0.1059
0.0000	0.0000	0.0000	1.0000
0.0000	1.0000	0.0000	0.0000
1.0000	0.0000	0.0000	0.0000
0.0088	0.1981	0.0523	0.7408
0.1363	0.2802	0.2686	0.3149
>MA0099.3_FOS::JUN
0.5920	0.1110	0.2570	0.0400
0.0030	0.0050	0.0020	0.9900
0.0070	0.0010	0.8240	0.1680
0.8200	0.1310	0.0040	0.0450
0.0780	0.1800	0.6880	0.0540
0.0050	0.0020	0.0020	0.9910
0.0300	0.9630	0.0030	0.0040
0.9920	0.0020	0.0020	0.0040
0.0240	0.3130	0.0950	0.5680
0.2770	0.3970	0.1640	0.1620
>MA1126.1_FOS::JUN(var.2)
0.2660	0.0630	0.4190	0.2520
0.5560	0.0450	0.3690	0.0300
0.0470	0.0741	0.0621	0.8168
0.0420	0.1120	0.6550	0.1910
0.7480	0.0310	0.1350	0.0860
0.0800	0.8380	0.0410	0.0410
0.1309	0.1139	0.7213	0.0340
0.0400	0.0230	0.0320	0.9050
0.0530	0.8460	0.0440	0.0570
0.9070	0.0240	0.0360	0.0330
0.0300	0.2340	0.0600	0.6760
0.2987	0.3217	0.1598	0.2198
0.3220	0.3130	0.1610	0.2040
0.1900	0.1780	0.2610	0.3710
0.1610	0.0750	0.2380	0.5260
0.2032	0.2913	0.2072	0.2983
>MA1134.1_FOS::JUNB
0.1740	0.1680	0.3720	0.2860
0.5924	0.1049	0.2667	0.0360
0.0010	0.0010	0.0010	0.9970
0.0010	0.0010	0.8671	0.1309
0.9650	0.0300	0.0010	0.0040
0.0480	0.3090	0.6180	0.0250
0.0010	0.0010	0.0030	0.9950
0.0270	0.9710	0.0010	0.0010
0.9970	0.0010	0.0010	0.0010
0.0070	0.2840	0.0510	0.6580
0.2750	0.3630	0.1780	0.1840
0.2833	0.3043	0.2563	0.1562
>MA1141.1_FOS::JUND
0.1830	0.2440	0.3150	0.2580
0.1818	0.1668	0.3886	0.2627
0.5924	0.1039	0.2657	0.0380
0.0000	0.0010	0.0000	0.9990
0.0000	0.0000	0.8710	0.1290
0.8940	0.0910	0.0000	0.0150
0.0749	0.0400	0.8661	0.0190
0.0000	0.0000	0.0000	1.0000
0.0290	0.9710	0.0000	0.0000
1.0000	0.0000	0.0000	0.0000
0.0210	0.2900	0.0770	0.6120
0.2500	0.3700	0.1950	0.1850
0.2640	0.2640	0.2920	0.1800
>MA1127.1_FOSB::JUN
0.1930	0.0700	0.5750	0.1620
0.6490	0.0870	0.2160	0.0480
0.0120	0.0100	0.0120	0.9660
0.0170	0.0100	0.8729	0.1001
0.9550	0.0080	0.0170	0.0200
0.0480	0.8851	0.0250	0.0420
0.0750	0.0140	0.8970	0.0140
0.0250	0.0570	0.0140	0.9040
0.2470	0.6970	0.0200	0.0360
0.9490	0.0160	0.0140	0.0210
0.0921	0.2613	0.0531	0.5936
>MA1135.1_FOSB::JUNB
0.1190	0.1820	0.4290	0.2700
0.5980	0.0610	0.3210	0.0200
0.0010	0.0000	0.0010	0.9980
0.0010	0.0000	0.9800	0.0190
0.9970	0.0010	0.0010	0.0010
0.0340	0.5960	0.3090	0.0610
0.0020	0.0010	0.0390	0.9580
0.1908	0.8072	0.0010	0.0010
0.9980	0.0000	0.0010	0.0010
0.0370	0.2590	0.1260	0.5780
>MA1136.1_FOSB::JUNB(var.2)
0.5610	0.0590	0.3680	0.0120
0.0300	0.0360	0.0160	0.9179
0.0130	0.0460	0.6993	0.2418
0.8681	0.0440	0.0599	0.0280
0.0300	0.8420	0.0270	0.1010
0.0520	0.0350	0.8930	0.0200
0.0560	0.0800	0.0280	0.8360
0.1730	0.7760	0.0360	0.0150
0.9230	0.0160	0.0300	0.0310
0.0110	0.2600	0.0650	0.6640
>MA1128.1_FOSL1::JUN
0.2080	0.2460	0.2530	0.2930
0.1720	0.1590	0.3800	0.2890
0.6020	0.0890	0.2830	0.0260
0.0010	0.0020	0.0010	0.9960
0.0030	0.0020	0.9570	0.0380
0.9930	0.0020	0.0020	0.0030
0.0260	0.8260	0.0510	0.0970
0.0330	0.0020	0.1399	0.8252
0.1590	0.8350	0.0020	0.0040
0.9830	0.0040	0.0090	0.0040
0.0570	0.2450	0.1190	0.5790
0.2960	0.3080	0.1730	0.2230
0.2773	0.2893	0.2372	0.1962
>MA1129.1_FOSL1::JUN(var.2)
0.6390	0.0690	0.2660	0.0260
0.0280	0.0300	0.0240	0.9181
0.0330	0.0559	0.6713	0.2398
0.8250	0.0260	0.1060	0.0430
0.0220	0.8450	0.0380	0.0950
0.0930	0.0360	0.8470	0.0240
0.0410	0.1050	0.0270	0.8270
0.2378	0.6693	0.0579	0.0350
0.9170	0.0220	0.0310	0.0300
0.0240	0.2640	0.0710	0.6410
>MA1137.1_FOSL1::JUNB
0.2368	0.2687	0.1948	0.2997
0.2158	0.1459	0.3756	0.2627
0.5660	0.1000	0.2870	0.0470
0.0230	0.0160	0.0160	0.9450
0.0360	0.0210	0.8800	0.0630
0.9170	0.0200	0.0210	0.0420
0.0630	0.6260	0.1980	0.1130
0.0590	0.0230	0.1150	0.8030
0.2710	0.6830	0.0090	0.0370
0.9040	0.0210	0.0380	0.0370
0.0530	0.2250	0.1700	0.5520
0.3000	0.2980	0.2040	0.1980
0.2470	0.3000	0.2230	0.2300
>MA1142.1_FOSL1::JUND
0.2650	0.2210	0.2790	0.2350
0.5510	0.1270	0.2820	0.0400
0.0300	0.0230	0.0340	0.9130
0.0220	0.0610	0.7770	0.1400
0.8649	0.0120	0.0821	0.0410
0.0490	0.5804	0.1908	0.1798
0.0981	0.0450	0.1872	0.6697
0.2700	0.6410	0.0250	0.0640
0.9120	0.0400	0.0170	0.0310
0.1740	0.2120	0.1440	0.4700
>MA1143.1_FOSL1::JUND(var.2)
0.5610	0.0750	0.3240	0.0400
0.0360	0.0500	0.0440	0.8700
0.0390	0.1011	0.7778	0.0821
0.8700	0.0450	0.0410	0.0440
0.0320	0.8358	0.0641	0.0681
0.1160	0.0590	0.6490	0.1760
0.1170	0.2620	0.0390	0.5820
0.5460	0.3300	0.0830	0.0410
0.6456	0.0661	0.1001	0.1882
0.1230	0.4010	0.0820	0.3940
>MA1130.1_FOSL2::JUN
0.1890	0.2480	0.2950	0.2680
0.2140	0.1790	0.3380	0.2690
0.5420	0.1210	0.2820	0.0550
0.0010	0.0010	0.0010	0.9970
0.0010	0.0010	0.8400	0.1580
0.8470	0.1230	0.0010	0.0290
0.1030	0.1410	0.6980	0.0580
0.0010	0.0010	0.0010	0.9970
0.0200	0.9780	0.0010	0.0010
0.9980	0.0000	0.0010	0.0010
0.0190	0.2990	0.0930	0.5890
0.2693	0.3413	0.1802	0.2092
>MA1131.1_FOSL2::JUN(var.2)
0.2222	0.0941	0.4595	0.2242
0.6324	0.0300	0.3227	0.0150
0.0060	0.0080	0.0080	0.9780
0.0070	0.0140	0.9170	0.0620
0.9620	0.0060	0.0090	0.0230
0.0110	0.9060	0.0220	0.0610
0.0921	0.0450	0.8458	0.0170
0.0140	0.0699	0.0090	0.9071
0.3510	0.6250	0.0160	0.0080
0.9620	0.0100	0.0130	0.0150
0.0380	0.2180	0.1660	0.5780
>MA1138.1_FOSL2::JUNB
0.1512	0.1642	0.4074	0.2773
0.6204	0.0529	0.3137	0.0130
0.0000	0.0000	0.0000	1.0000
0.0000	0.0000	0.9860	0.0140
1.0000	0.0000	0.0000	0.0000
0.0541	0.5686	0.2923	0.0851
0.0010	0.0000	0.0260	0.9730
0.1682	0.8318	0.0000	0.0000
1.0000	0.0000	0.0000	0.0000
0.0350	0.2510	0.1120	0.6020
>MA1139.1_FOSL2::JUNB(var.2)
0.2272	0.1502	0.3594	0.2633
0.6380	0.0650	0.2680	0.0290
0.0080	0.0170	0.0060	0.9690
0.0120	0.0210	0.7800	0.1870
0.9720	0.0050	0.0130	0.0100
0.0100	0.8990	0.0170	0.0740
0.0740	0.0160	0.9000	0.0100
0.0100	0.0120	0.0060	0.9720
0.1860	0.7780	0.0230	0.0130
0.9680	0.0050	0.0190	0.0080
0.0280	0.2660	0.0670	0.6390
0.2630	0.3580	0.1510	0.2280
>MA1144.1_FOSL2::JUND
0.1369	0.1429	0.4456	0.2747
0.6346	0.0601	0.2913	0.0140
0.0000	0.0000	0.0000	1.0000
0.0000	0.0000	0.9900	0.0100
0.9990	0.0010	0.0000	0.0000
0.0460	0.6040	0.2920	0.0580
0.0060	0.0000	0.0600	0.9340
0.1400	0.8600	0.0000	0.0000
1.0000	0.0000	0.0000	0.0000
0.0380	0.2660	0.1130	0.5830
>MA1145.1_FOSL2::JUND(var.2)
0.1980	0.1770	0.2860	0.3390
0.2190	0.1890	0.3400	0.2520
0.5584	0.0450	0.3397	0.0569
0.0260	0.0270	0.0100	0.9370
0.0070	0.0460	0.6787	0.2683
0.9430	0.0060	0.0310	0.0200
0.0120	0.9119	0.0350	0.0410
0.1349	0.0150	0.8222	0.0280
0.0280	0.0120	0.0100	0.9500
0.0330	0.9411	0.0150	0.0110
0.9720	0.0060	0.0110	0.0110
0.0230	0.3450	0.0550	0.5770
0.2170	0.4340	0.1040	0.2450
0.1620	0.2220	0.4160	0.2000
0.2480	0.2880	0.2410	0.2230
>MA0148.4_FOXA1
0.4155	0.1650	0.1998	0.2197
0.3566	0.0498	0.1663	0.4274
0.0721	0.0184	0.8724	0.0371
0.0343	0.0432	0.0189	0.9037
0.9222	0.0454	0.0162	0.0162
0.9136	0.0415	0.0117	0.0332
0.9693	0.0076	0.0113	0.0118
0.0229	0.8455	0.0149	0.1167
0.9569	0.0114	0.0100	0.0217
0.1310	0.0714	0.0845	0.7131
0.2557	0.1876	0.2924	0.2643
0.2729	0.1984	0.2198	0.3089
>MA1103.2_FOXK2
0.3926	0.1722	0.2081	0.2271
0.2914	0.1318	0.2052	0.3715
0.1617	0.0330	0.7637	0.0416
0.0216	0.0126	0.0196	0.9462
0.9541	0.0166	0.0089	0.0204
0.8626	0.0774	0.0261	0.0339
0.9349	0.0198	0.0234	0.0219
0.0299	0.8563	0.0255	0.0883
0.9418	0.0177	0.0102	0.0303
0.2899	0.2324	0.2368	0.2408
0.2911	0.2271	0.3005	0.1813
>MA0062.3_GABPA
0.2426	0.2584	0.2435	0.2554
0.1677	0.3311	0.2100	0.2912
0.1167	0.6322	0.1067	0.1444
0.7981	0.0609	0.0744	0.0666
0.0142	0.8501	0.0331	0.1026
0.0593	0.0220	0.0147	0.9039
0.0132	0.0188	0.0249	0.9431
0.0214	0.9373	0.0176	0.0238
0.0152	0.9638	0.0079	0.0131
0.0263	0.0235	0.0697	0.8805
0.0339	0.0966	0.7929	0.0765
0.0816	0.1834	0.1179	0.6171
0.1818	0.2772	0.2303	0.3106
0.2065	0.2655	0.2014	0.3266
>MA0036.3_GATA2
0.2324	0.2095	0.2252	0.3329
0.1397	0.2884	0.2087	0.3632
0.0661	0.7463	0.0860	0.1015
0.0312	0.0182	0.0106	0.9400
0.0293	0.0024	0.0015	0.9668
0.9919	0.0010	0.0030	0.0041
0.0102	0.0054	0.0034	0.9810
0.0068	0.9700	0.0089	0.0144
0.1670	0.0346	0.0258	0.7726
0.2049	0.2613	0.2572	0.2766
0.2306	0.2726	0.1559	0.3409
>MA0488.1_JUN
0.3883	0.1332	0.2334	0.2452
0.3394	0.1401	0.2377	0.2828
0.3098	0.0908	0.4618	0.1377
0.7882	0.0348	0.1771	0.0000
0.0000	0.0000	0.0000	1.0000
0.0000	0.0000	0.9943	0.0057
1.0000	0.0000	0.0000	0.0000
0.0000	0.1640	0.2152	0.6209
0.0000	0.0290	0.9710	0.0000
0.0447	0.1684	0.0000	0.7869
0.3293	0.6707	0.0000	0.0000
1.0000	0.0000	0.0000	0.0000
0.0097	0.1767	0.0485	0.7652
>MA1132.1_JUN::JUNB
0.2030	0.1280	0.4080	0.2610
0.6270	0.1340	0.1890	0.0500
0.0110	0.0100	0.0340	0.9451
0.0100	0.0210	0.9219	0.0470
0.9440	0.0100	0.0280	0.0180
0.0270	0.8252	0.1149	0.0330
0.0580	0.0240	0.3530	0.5650
0.1610	0.7070	0.0100	0.1220
0.9310	0.0240	0.0180	0.0270
0.1880	0.2480	0.0640	0.5000
>MA1133.1_JUN::JUNB(var.2)
0.0539	0.1319	0.3576	0.4565
0.3760	0.1080	0.4860	0.0300
0.0579	0.0430	0.0250	0.8741
0.0510	0.0280	0.7030	0.2180
0.7862	0.0220	0.0629	0.1289
0.0230	0.8620	0.0470	0.0680
0.0550	0.0360	0.8670	0.0420
0.0300	0.0270	0.0400	0.9030
0.0910	0.8340	0.0350	0.0400
0.9199	0.0190	0.0350	0.0260
0.0330	0.1250	0.1300	0.7120
0.2122	0.2543	0.2553	0.2783
>MA0489.1_JUN(var.2)
0.4429	0.1141	0.2572	0.1858
0.3584	0.1208	0.3751	0.1456
0.3401	0.1029	0.3952	0.1618
0.4012	0.1024	0.3159	0.1804
0.3784	0.0541	0.3845	0.1829
0.5413	0.0906	0.3681	0.0000
0.0000	0.0000	0.0000	1.0000
0.0000	0.0000	1.0000	0.0000
0.9997	0.0000	0.0000	0.0003
0.0349	0.5206	0.3733	0.0712
0.0182	0.0000	0.0000	0.9818
0.0873	0.9127	0.0000	0.0000
1.0000	0.0000	0.0000	0.0000
0.0343	0.2290	0.2414	0.4953
>MA0490.2_JUNB
0.2852	0.2077	0.2273	0.2799
0.2950	0.1979	0.2555	0.2515
0.7089	0.0979	0.1448	0.0484
0.0067	0.0082	0.0040	0.9810
0.0096	0.0069	0.9361	0.0473
0.9780	0.0065	0.0069	0.0085
0.0595	0.7486	0.1317	0.0601
0.0250	0.0036	0.0114	0.9599
0.0657	0.9166	0.0077	0.0100
0.9727	0.0074	0.0113	0.0087
0.0466	0.1112	0.0940	0.7482
0.2698	0.2408	0.2065	0.2829
0.2647	0.2586	0.1887	0.2880
>MA1140.2_JUNB(var.2)
0.1639	0.1508	0.5311	0.1541
0.9159	0.0210	0.0450	0.0180
0.0032	0.0032	0.0129	0.9807
0.0000	0.0000	0.9591	0.0409
0.9935	0.0033	0.0033	0.0000
0.0000	0.9935	0.0000	0.0065
0.0000	0.0033	0.9967	0.0000
0.0032	0.0097	0.0032	0.9839
0.0521	0.9356	0.0092	0.0031
0.9870	0.0065	0.0032	0.0032
0.0000	0.3619	0.0317	0.6063
0.1311	0.6131	0.1410	0.1148
>MA0491.2_JUND
0.2687	0.2073	0.2360	0.2880
0.2759	0.1861	0.2959	0.2421
0.6623	0.0960	0.1943	0.0474
0.0061	0.0071	0.0042	0.9826
0.0129	0.0082	0.9419	0.0370
0.9797	0.0061	0.0054	0.0087
0.0437	0.7176	0.1948	0.0439
0.0194	0.0047	0.0108	0.9651
0.0464	0.9309	0.0090	0.0137
0.9762	0.0071	0.0091	0.0076
0.0264	0.1135	0.0746	0.7855
0.2640	0.2666	0.2100	0.2594
0.2663	0.2812	0.1816	0.2709
>MA0492.1_JUND(var.2)
0.3404	0.1286	0.2378	0.2932
0.3995	0.0960	0.2593	0.2452
0.3348	0.1438	0.2411	0.2802
0.4049	0.0729	0.4686	0.0536
0.7537	0.0050	0.2413	0.0000
0.0000	0.0000	0.0000	1.0000
0.0000	0.0000	0.9964	0.0036
1.0000	0.0000	0.0000	0.0000
0.0000	0.3094	0.2464	0.4442
0.1524	0.0542	0.7934	0.0000
0.0000	0.1170	0.0000	0.8830
0.2615	0.7344	0.0042	0.0000
1.0000	0.0000	0.0000	0.0000
0.0079	0.1626	0.0716	0.7578
0.3049	0.3224	0.1888	0.1839
>MA0496.3_MAFK
0.2309	0.2085	0.1927	0.3678
0.1856	0.2060	0.4234	0.1850
0.2723	0.5219	0.1296	0.0761
0.0312	0.0303	0.0205	0.9180
0.0214	0.0264	0.9026	0.0496
0.9178	0.0323	0.0252	0.0246
0.0482	0.7563	0.1464	0.0492
0.0526	0.0219	0.0209	0.9046
0.0351	0.9253	0.0185	0.0210
0.9215	0.0170	0.0245	0.0369
0.0278	0.0371	0.8508	0.0843
0.0515	0.8400	0.0643	0.0442
0.4794	0.2733	0.0887	0.1586
0.3080	0.2075	0.2032	0.2813
0.2864	0.1886	0.1651	0.3599
>MA0058.3_MAX
0.4809	0.2263	0.1883	0.1046
0.2785	0.4086	0.2202	0.0927
0.0056	0.9944	0.0000	0.0000
0.9821	0.0000	0.0124	0.0054
0.0000	0.9668	0.0010	0.0322
0.0453	0.0054	0.9467	0.0026
0.0097	0.0223	0.0028	0.9652
0.0000	0.0039	0.9909	0.0052
0.1951	0.3564	0.2383	0.2103
0.1632	0.3236	0.1434	0.3698
>MA0059.1_MAX::MYC
0.3333	0.0477	0.4285	0.1905
0.7142	0.0477	0.1905	0.0477
0.0953	0.4285	0.4285	0.0477
0.0477	0.9522	0.0000	0.0000
0.9999	0.0000	0.0000	0.0000
0.0000	0.9522	0.0000	0.0477
0.0477	0.0000	0.9522	0.0000
0.0000	0.0477	0.0000	0.9522
0.0000	0.0000	0.9999	0.0000
0.0477	0.0477	0.8570	0.0477
0.1429	0.2381	0.0000	0.6190
>MA1522.1_MAZ
0.1646	0.3451	0.2839	0.2063
0.1208	0.3365	0.3428	0.2000
0.0011	0.9922	0.0050	0.0017
0.0033	0.9713	0.0255	0.0000
0.0024	0.9780	0.0193	0.0004
0.0026	0.9743	0.0230	0.0001
0.0004	0.0000	0.0086	0.9910
0.0060	0.9932	0.0005	0.0003
0.0015	0.9921	0.0064	0.0000
0.0736	0.6222	0.1174	0.1868
0.1338	0.4498	0.1686	0.2478
>MA1108.2_MXI1
0.2624	0.2143	0.2869	0.2364
0.2805	0.2649	0.2757	0.1789
0.0049	0.9698	0.0044	0.0209
0.9919	0.0000	0.0077	0.0003
0.0005	0.9775	0.0008	0.0212
0.9301	0.0000	0.0699	0.0000
0.0000	0.0230	0.0000	0.9770
0.0239	0.0052	0.9630	0.0079
0.1285	0.2417	0.3278	0.3020
0.2243	0.2877	0.2446	0.2434
>MA0147.3_MYC
0.2100	0.2722	0.3337	0.1841
0.2062	0.2604	0.3555	0.1779
0.0886	0.7580	0.0955	0.0579
0.0089	0.9794	0.0063	0.0055
0.9308	0.0119	0.0344	0.0229
0.0109	0.9156	0.0142	0.0593
0.0342	0.0318	0.9263	0.0077
0.0119	0.0328	0.0127	0.9425
0.0047	0.0113	0.9747	0.0093
0.0848	0.5668	0.2424	0.1060
0.1945	0.3084	0.2096	0.2875
0.1528	0.3612	0.2728	0.2133
>MA0161.2_NFIC
0.2253	0.2281	0.2135	0.3332
0.3357	0.1841	0.1797	0.3005
0.0355	0.9082	0.0283	0.0279
0.0133	0.0261	0.0318	0.9288
0.0303	0.0287	0.0152	0.9257
0.0267	0.0111	0.9552	0.0070
0.0192	0.0104	0.9454	0.0250
0.0227	0.9240	0.0076	0.0457
0.8752	0.0342	0.0412	0.0495
0.2262	0.2542	0.2745	0.2450
0.2881	0.2337	0.2378	0.2405
>MA0119.1_NFIC::TLX1
0.0001	0.0001	0.0001	0.9998
0.0001	0.0001	0.9998	0.0001
0.0001	0.0001	0.9998	0.0001
0.0001	0.9998	0.0001	0.0001
0.8748	0.0625	0.0001	0.0625
0.1250	0.4999	0.3125	0.0625
0.1250	0.4999	0.2500	0.1250
0.4375	0.0625	0.3125	0.1875
0.2500	0.1875	0.1250	0.4375
0.0001	0.0001	0.9998	0.0001
0.0001	0.9998	0.0001	0.0001
0.0001	0.9998	0.0001	0.0001
0.9998	0.0001	0.0001	0.0001
0.8748	0.0001	0.0625	0.0625
>MA1527.1_NFIC(var.2)
0.1879	0.2644	0.3593	0.1884
0.0563	0.2077	0.0219	0.7141
0.0000	0.0000	0.0024	0.9976
0.0000	0.0000	1.0000	0.0000
0.0000	0.0014	0.9986	0.0000
0.0451	0.9549	0.0000	0.0000
0.3285	0.1265	0.3275	0.2176
0.1838	0.3330	0.2324	0.2508
0.2092	0.2738	0.3201	0.1969
0.2247	0.1804	0.4160	0.1789
0.0736	0.1233	0.0352	0.7679
0.0000	0.0000	1.0000	0.0000
0.0000	0.9939	0.0061	0.0000
0.0014	0.9986	0.0000	0.0000
1.0000	0.0000	0.0000	0.0000
0.4740	0.0083	0.4505	0.0672
0.1719	0.3281	0.3055	0.1945
>MA0502.2_NFYB
0.1091	0.5102	0.1906	0.1901
0.0588	0.3629	0.1209	0.4575
0.0259	0.7307	0.1987	0.0447
0.9368	0.0243	0.0076	0.0313
0.0180	0.0323	0.0305	0.9192
0.0113	0.0050	0.0137	0.9701
0.0071	0.0055	0.9726	0.0148
0.0085	0.0078	0.9756	0.0082
0.0207	0.8704	0.0232	0.0857
0.0207	0.7812	0.0186	0.1795
0.4187	0.2240	0.2193	0.1379
0.3108	0.1998	0.3573	0.1321
>MA0115.1_NR1H2::RXRA
0.6799	0.2000	0.0000	0.1200
0.6799	0.0400	0.2000	0.0800
0.7999	0.0000	0.2000	0.0000
0.0000	0.0000	0.9999	0.0000
0.0000	0.0000	0.9599	0.0400
0.0000	0.0000	0.0000	0.9999
0.0000	0.9999	0.0000	0.0000
0.9999	0.0000	0.0000	0.0000
0.9599	0.0000	0.0000	0.0400
0.9999	0.0000	0.0000	0.0000
0.0000	0.0000	0.9999	0.0000
0.0000	0.0000	0.9999	0.0000
0.0000	0.0000	0.0000	0.9999
0.0000	0.9999	0.0000	0.0000
0.9999	0.0000	0.0000	0.0000
0.7999	0.0400	0.0800	0.0800
0.0000	0.5999	0.2400	0.1600
>MA1146.1_NR1H4::RXRA
0.2230	0.1720	0.4510	0.1540
0.6537	0.0551	0.2803	0.0110
0.0290	0.0150	0.9370	0.0190
0.0220	0.0090	0.6454	0.3237
0.0240	0.0490	0.1010	0.8260
0.0110	0.8759	0.0130	0.1001
0.7207	0.0130	0.2492	0.0170
0.1440	0.1210	0.0750	0.6600
0.0230	0.0919	0.0480	0.8372
0.1080	0.1020	0.7530	0.0370
0.7622	0.1119	0.0779	0.0480
0.1341	0.7738	0.0090	0.0831
0.1130	0.7980	0.0380	0.0510
0.0250	0.3830	0.0710	0.5210
0.0950	0.3130	0.2120	0.3800
>MA0504.1_NR2C2
0.3266	0.3190	0.2278	0.1266
0.2076	0.1772	0.5595	0.0557
0.4886	0.0152	0.4937	0.0025
0.0000	0.0203	0.9266	0.0532
0.0253	0.0076	0.8987	0.0684
0.0076	0.0000	0.2000	0.7924
0.0152	0.7823	0.1367	0.0658
0.8683	0.0000	0.1215	0.0101
0.4734	0.0000	0.5266	0.0000
0.8202	0.0000	0.1797	0.0000
0.0253	0.0000	0.9747	0.0000
0.0279	0.0000	0.8506	0.1215
0.0000	0.0684	0.2253	0.7063
0.0228	0.7975	0.0886	0.0911
0.7342	0.0000	0.2329	0.0329
>MA1536.1_NR2C2(var.2)
0.3348	0.1670	0.3446	0.1536
0.5289	0.0372	0.4339	0.0000
0.0000	0.0117	0.9219	0.0664
0.0000	0.0000	0.7955	0.2045
0.0000	0.0000	0.0786	0.9214
0.0000	0.7549	0.0666	0.1785
0.7372	0.0000	0.2628	0.0000
0.2719	0.2554	0.1978	0.2750
>MA1147.1_NR4A2::RXRA
0.2877	0.2118	0.3706	0.1299
0.4985	0.1241	0.3483	0.0290
0.0200	0.0110	0.9231	0.0460
0.0509	0.0070	0.8032	0.1389
0.0460	0.1341	0.1281	0.6917
0.0070	0.8240	0.0310	0.1380
0.5920	0.0380	0.3430	0.0270
0.2482	0.0601	0.0871	0.6046
0.0020	0.0690	0.0050	0.9240
0.0700	0.0820	0.8360	0.0120
0.9260	0.0540	0.0170	0.0030
0.1570	0.8300	0.0020	0.0110
0.0400	0.9361	0.0040	0.0200
0.0050	0.5350	0.0230	0.4370
0.1039	0.4725	0.1798	0.2438
>MA0506.1_NRF1
0.1302	0.0811	0.7887	0.0000
0.1347	0.8653	0.0000	0.0000
0.0424	0.0409	0.9167	0.0000
0.0000	0.8685	0.1012	0.0303
0.3274	0.4027	0.2022	0.0677
0.0000	0.0872	0.1142	0.7987
0.0000	0.0000	1.0000	0.0000
0.0000	0.9381	0.0000	0.0619
0.0000	0.0755	0.9245	0.0000
0.0160	0.9840	0.0000	0.0000
0.4855	0.1739	0.3406	0.0000
>MA1114.1_PBX3
0.2272	0.2437	0.3122	0.2169
0.2151	0.2455	0.2755	0.2639
0.1880	0.2634	0.2746	0.2740
0.0849	0.0320	0.0716	0.8114
0.0325	0.0323	0.9124	0.0228
0.9153	0.0178	0.0305	0.0365
0.0477	0.1122	0.7020	0.1380
0.0352	0.0283	0.0406	0.8959
0.0208	0.0345	0.9329	0.0118
0.8779	0.0154	0.0860	0.0207
0.0214	0.9292	0.0298	0.0197
0.8675	0.0184	0.0605	0.0536
0.0526	0.0587	0.8106	0.0782
0.1259	0.1961	0.5807	0.0973
0.1782	0.3780	0.2266	0.2172
0.2662	0.2306	0.2945	0.2087
0.2129	0.2565	0.3158	0.2148
>MA1148.1_PPARA::RXRA
0.5480	0.1400	0.1080	0.2040
0.4306	0.0729	0.0599	0.4366
0.2470	0.2110	0.3320	0.2100
0.0609	0.0939	0.2378	0.6074
0.4925	0.0951	0.3704	0.0420
0.0679	0.0190	0.8422	0.0709
0.0800	0.0150	0.8560	0.0490
0.0420	0.1570	0.2450	0.5560
0.1310	0.4450	0.2010	0.2230
0.8870	0.0160	0.0670	0.0300
0.6690	0.0240	0.2080	0.0990
0.8070	0.0250	0.1430	0.0250
0.1110	0.0160	0.8620	0.0110
0.0180	0.0140	0.7840	0.1840
0.0170	0.0490	0.1151	0.8188
0.0900	0.5980	0.1460	0.1660
0.6897	0.0370	0.2302	0.0430
0.2220	0.2370	0.2430	0.2980
>MA0159.1_RARA::RXRA
0.5217	0.0000	0.4782	0.0000
0.0000	0.0000	0.9999	0.0000
0.0435	0.0000	0.5652	0.3913
0.0000	0.0000	0.0435	0.9564
0.0000	0.7825	0.1305	0.0870
0.9564	0.0000	0.0435	0.0000
0.1739	0.3043	0.2174	0.3043
0.2174	0.3478	0.3913	0.0435
0.2174	0.1739	0.4782	0.1305
0.5652	0.0435	0.3043	0.0870
0.2174	0.2609	0.5217	0.0000
0.7390	0.1305	0.1305	0.0000
0.0435	0.0435	0.8695	0.0435
0.0000	0.0435	0.6956	0.2609
0.0870	0.0435	0.1305	0.7390
0.0435	0.7390	0.1305	0.0870
0.9129	0.0000	0.0435	0.0435
>MA0138.2_REST
0.1326	0.1094	0.2300	0.5280
0.0363	0.1684	0.0914	0.7038
0.0476	0.8554	0.0313	0.0657
0.9064	0.0187	0.0587	0.0162
0.0212	0.0274	0.9451	0.0062
0.0760	0.6093	0.2012	0.1134
0.9807	0.0044	0.0075	0.0075
0.0019	0.9875	0.0075	0.0031
0.0218	0.9222	0.0125	0.0436
0.5688	0.1252	0.1009	0.2050
0.1365	0.2338	0.0773	0.5524
0.0243	0.0044	0.9670	0.0044
0.0125	0.0031	0.9832	0.0012
0.8771	0.0699	0.0212	0.0318
0.0081	0.8000	0.1456	0.0463
0.9837	0.0056	0.0044	0.0063
0.0263	0.0082	0.9598	0.0056
0.1287	0.6321	0.1149	0.1243
0.2299	0.0195	0.4322	0.3185
0.1340	0.5868	0.2006	0.0786
0.1126	0.7006	0.0233	0.1635
>MA0510.2_RFX5
0.1052	0.4084	0.3002	0.1862
0.0308	0.0000	0.9661	0.0031
0.0014	0.0112	0.0051	0.9824
0.0157	0.0327	0.0033	0.9483
0.3019	0.0298	0.6160	0.0522
0.0012	0.9558	0.0153	0.0277
0.0004	0.7429	0.0025	0.2543
0.8857	0.0173	0.0194	0.0776
0.0465	0.0181	0.0071	0.9282
0.2496	0.0036	0.7442	0.0026
0.0501	0.0168	0.9331	0.0000
0.0516	0.5985	0.0226	0.3273
0.9332	0.0043	0.0427	0.0198
0.9796	0.0093	0.0071	0.0040
0.0105	0.9577	0.0048	0.0270
0.1817	0.3500	0.3559	0.1125
>MA0074.1_RXRA::VDR
0.3000	0.0001	0.6998	0.0001
0.0001	0.0001	0.9997	0.0001
0.0001	0.0001	0.8997	0.1001
0.0001	0.0001	0.0001	0.9997
0.0001	0.8997	0.0001	0.1001
0.8997	0.0001	0.1001	0.0001
0.3999	0.2000	0.0001	0.3999
0.2000	0.3999	0.2000	0.2000
0.2000	0.0001	0.7998	0.0001
0.4999	0.0001	0.4999	0.0001
0.0001	0.0001	0.9997	0.0001
0.0001	0.0001	0.0001	0.9997
0.1001	0.0001	0.0001	0.8997
0.0001	0.8997	0.0001	0.1001
0.6998	0.1001	0.2000	0.0001
>MA0079.4_SP1
0.1584	0.2673	0.1951	0.3792
0.5538	0.0367	0.0196	0.3899
0.5656	0.0299	0.3813	0.0232
0.2790	0.0000	0.7181	0.0029
0.0192	0.9767	0.0016	0.0025
0.0011	0.9664	0.0000	0.0325
0.7689	0.2311	0.0000	0.0000
0.0000	0.9994	0.0000	0.0006
0.0189	0.0000	0.9640	0.0171
0.0000	0.9997	0.0000	0.0003
0.0002	0.9998	0.0000	0.0000
0.0000	0.9713	0.0000	0.0287
0.4909	0.4815	0.0003	0.0273
0.0237	0.7456	0.0182	0.2125
0.2537	0.3142	0.0613	0.3708
>MA0083.3_SRF
0.1382	0.0807	0.0517	0.7293
0.0430	0.0872	0.6563	0.2134
0.4048	0.3944	0.0930	0.1078
0.0000	0.9916	0.0084	0.0000
0.0016	0.9819	0.0060	0.0104
0.9251	0.0106	0.0146	0.0496
0.0331	0.0000	0.0037	0.9632
0.9983	0.0000	0.0017	0.0000
0.0006	0.0031	0.0049	0.9914
0.9864	0.0000	0.0000	0.0136
0.2879	0.0079	0.0000	0.7043
0.0042	0.0047	0.9911	0.0000
0.0042	0.0011	0.9910	0.0037
0.1521	0.0609	0.3889	0.3981
0.2137	0.6487	0.0919	0.0457
0.6906	0.0477	0.0741	0.1876
>MA0108.2_TBP
0.1568	0.3727	0.3907	0.0797
0.0411	0.1183	0.0463	0.7943
0.9049	0.0000	0.0051	0.0900
0.0077	0.0257	0.0051	0.9614
0.9100	0.0000	0.0129	0.0771
0.6889	0.0000	0.0000	0.3111
0.9254	0.0077	0.0514	0.0154
0.5707	0.0051	0.1131	0.3111
0.3985	0.1131	0.4036	0.0848
0.1440	0.3470	0.3856	0.1234
0.2134	0.3779	0.3290	0.0797
0.2108	0.3265	0.3290	0.1337
0.2108	0.3033	0.3290	0.1568
0.1748	0.2751	0.3573	0.1928
0.1979	0.2596	0.3599	0.1825
>MA1648.1_TCF12(var.2)
0.2103	0.3134	0.2747	0.2016
0.2398	0.2843	0.3000	0.1759
0.0154	0.9349	0.0192	0.0305
0.8489	0.0324	0.0906	0.0280
0.0120	0.8985	0.0611	0.0283
0.0309	0.9012	0.0571	0.0107
0.0223	0.0628	0.0424	0.8725
0.0456	0.0337	0.9038	0.0169
0.0176	0.8899	0.0374	0.0551
0.2241	0.2845	0.2310	0.2604
0.1845	0.2934	0.3242	0.1979
>MA0523.1_TCF7L2
0.3641	0.1805	0.2722	0.1831
0.4317	0.2006	0.2753	0.0924
0.7330	0.0325	0.1335	0.1010
0.0203	0.4649	0.4795	0.0353
0.6674	0.0062	0.0000	0.3264
0.0330	0.0000	0.0000	0.9670
0.0370	0.7889	0.1741	0.0000
1.0000	0.0000	0.0000	0.0000
0.9797	0.0036	0.0167	0.0000
0.9955	0.0000	0.0045	0.0000
0.0723	0.0088	0.9188	0.0000
0.2471	0.2027	0.4795	0.0707
0.3338	0.2681	0.2889	0.1091
0.4255	0.1972	0.1808	0.1965
>MA0809.2_TEAD4
0.2425	0.2861	0.1935	0.2779
0.2216	0.3404	0.1976	0.2405
0.7846	0.0309	0.1443	0.0403
0.0966	0.8478	0.0422	0.0134
0.9579	0.0156	0.0073	0.0192
0.0124	0.0145	0.0131	0.9601
0.0342	0.0151	0.0269	0.9238
0.0175	0.9292	0.0202	0.0331
0.0168	0.9613	0.0027	0.0191
0.7915	0.0496	0.0153	0.1437
0.2128	0.1775	0.4126	0.1970
0.2468	0.2600	0.2898	0.2034
>MA0093.3_USF1
0.2606	0.1891	0.2647	0.2855
0.2909	0.1134	0.3757	0.2200
0.1369	0.0548	0.7788	0.0296
0.0694	0.1725	0.0707	0.6874
0.0096	0.9675	0.0138	0.0090
0.9696	0.0118	0.0086	0.0099
0.0076	0.2383	0.0663	0.6879
0.0624	0.0251	0.9050	0.0076
0.0081	0.0048	0.0109	0.9763
0.0073	0.0148	0.9693	0.0087
0.8239	0.0550	0.0846	0.0366
0.0333	0.7491	0.0545	0.1630
0.2039	0.3516	0.1255	0.3191
0.2546	0.2616	0.1867	0.2971
>MA0526.3_USF2
0.2472	0.2016	0.2605	0.2907
0.2760	0.1441	0.3749	0.2050
0.1717	0.0837	0.6963	0.0483
0.0721	0.1707	0.0810	0.6762
0.0096	0.9670	0.0137	0.0097
0.9664	0.0143	0.0086	0.0107
0.0082	0.2873	0.0500	0.6546
0.0456	0.0206	0.9266	0.0071
0.0093	0.0052	0.0130	0.9724
0.0088	0.0147	0.9676	0.0090
0.8188	0.0558	0.0850	0.0404
0.0379	0.7451	0.0628	0.1542
0.2014	0.3612	0.1227	0.3146
0.2626	0.2562	0.2006	0.2806
>MA0095.2_YY1
0.1570	0.6391	0.1117	0.0922
0.9727	0.0000	0.0252	0.0021
0.9400	0.0138	0.0374	0.0088
0.3495	0.1558	0.4577	0.0371
1.0000	0.0000	0.0000	0.0000
0.0000	0.0017	0.0000	0.9983
0.0015	0.0000	0.9985	0.0000
0.0018	0.0000	0.9982	0.0000
0.1132	0.7861	0.0053	0.0954
0.1209	0.2344	0.3856	0.2591
0.1254	0.1220	0.6491	0.1035
0.1857	0.6370	0.0545	0.1227
>MA0527.1_ZBTB33
0.1163	0.3631	0.2071	0.3135
0.0085	0.0936	0.0454	0.8525
0.0397	0.9347	0.0156	0.0099
0.0142	0.1262	0.0071	0.8525
0.0000	1.0000	0.0000	0.0000
0.0496	0.0000	0.9461	0.0043
0.0028	0.9475	0.0000	0.0496
0.0000	0.0000	1.0000	0.0000
0.6539	0.1135	0.1674	0.0652
0.0113	0.0809	0.6383	0.2695
0.5901	0.1333	0.2000	0.0766
0.1206	0.3291	0.1929	0.3574
0.0270	0.4652	0.0610	0.4468
0.1121	0.2057	0.1546	0.5277
0.1277	0.3305	0.3773	0.1645
>MA1124.1_ZNF24
0.0882	0.7319	0.0577	0.1222
0.7736	0.0779	0.0844	0.0641
0.0411	0.0902	0.0317	0.8370
0.0185	0.0233	0.0198	0.9383
0.0140	0.9499	0.0051	0.0310
0.9628	0.0094	0.0215	0.0063
0.0042	0.0381	0.0055	0.9523
0.0078	0.0142	0.0078	0.9702
0.0152	0.9470	0.0040	0.0339
0.9455	0.0173	0.0253	0.0120
0.0433	0.0885	0.0348	0.8334
0.0423	0.0913	0.0448	0.8216
0.0885	0.7596	0.0367	0.1152
>MA1592.1_ZNF274
0.2558	0.2339	0.2666	0.2436
0.2968	0.1323	0.4801	0.0908
0.0264	0.2531	0.0599	0.6606
0.5098	0.0007	0.4092	0.0802
0.0041	0.0088	0.1269	0.8602
0.0004	0.0002	0.9995	0.0000
0.9176	0.0006	0.0440	0.0378
0.0510	0.0832	0.8611	0.0047
0.0023	0.0006	0.0033	0.9938
0.0028	0.3259	0.0000	0.6713
0.0005	0.9991	0.0002	0.0003
0.0000	0.0000	0.0000	1.0000
0.0002	0.9090	0.0000	0.0909
0.2432	0.0256	0.5789	0.1524
0.1045	0.3955	0.1799	0.3201
0.2437	0.1757	0.2846	0.2960
